149,35
10,5
10,299
10,229
10,79
10,281
10,131
10,285
10,183
11,14
11,8
11,10
11,4
8,7
146,3
146,2
146,1
146,0
145,4
145,3
145,2
145,1
145,0
144,3
144,2
144,1
144,0
143,4
143,3
143,2
143,1
143,0
142,6
142,5
142,4
142,3
142,2
142,1
142,0
141,3
141,2
141,1
141,0
20,3
20,2
20,1
19,3
19,2
19,1
12,3
12,2
12,1
11,28
11,26
11,25
11,23
11,21
11,20
11,19
11,17
11,16
11,12
11,11
11,9
11,7
11,6
11,5
11,3
11,2
11,1
10,293
10,273
10,250
10,230
10,211
10,208
10,196
10,191
10,139
10,104
10,93
10,92
10,66
10,27
10,18
10,13
18,1
10,3
18,3
10,2
10,1
9,7
14,1
9,6
9,5
14,3
9,4
13,1
9,3
13,3
9,2
9,1
8,17
8,15
8,14
8,13
8,12
8,11
8,10
8,8
8,6
8,5
8,3
8,2
